[0]
Far=5.02002, 5.02002, 5.02002
Normal=5.02002, 5.02002, 5.02002
Near=5.02002, 5.02002, 5.02002
[1]
Far=1, 1, 1
Normal=1, 1, 1
Near=1, 1, 1
[2]
Far=1, 1, 1
Normal=1, 1, 1
Near=1, 1, 1
